3.79205 269.576
125.362 385.534
373.311 229.98
224.734 426.79
523.858 356.144
452.747 245.902
195.429 10.0877
60.8581 175.386
96.249 81.47
628.736 213.812
78.3797 5.20859
383.917 290.189
108.226 316.62
288.349 169.554
608.085 440.865
344.411 70.326
548.798 102.141
171.513 143.614
534.811 14.2306
431.671 29.5897
8.56365 437.588
292.889 451.951
272.122 382.763
478.73 166.45
96.3649 452.153
273.011 36.2877
614.866 326.148
523.124 278.309
101.465 241.355
179.974 272.015
434.859 360.518
350.863 166.652
625.22 143.859
419.269 96.5838
162.974 71.3365
4.02387 31.8561
353.181 9.74126
279.444 98.5181
443.417 440.432
354.398 431.106
